# Created by Octave 4.2.1, Sat Sep 28 18:09:45 2019 CEST <dagigo1@EVIRL-035-OK>
# name: w
# type: matrix
# rows: 3
# columns: 2
 1.24e+05 -1.24e+05
 752.5 -752.5
 -9.586e+04 9.586e+04


