# Created by Octave 4.2.1, Sat Sep 28 18:10:06 2019 CEST <dagigo1@EVIRL-035-OK>
# name: w
# type: matrix
# rows: 1281
# columns: 2
 -3300 3300
 -2.286e+05 2.286e+05
 -5.024e+05 5.024e+05
 2.188e+05 -2.188e+05
 -4.806e+05 4.806e+05
 6.184e+05 -6.184e+05
 -1.535e+05 1.535e+05
 1.377e+06 -1.377e+06
 1.064e+06 -1.064e+06
 6.538e+05 -6.538e+05
 6.845e+05 -6.845e+05
 -9.439e+05 9.439e+05
 -1.639e+05 1.639e+05
 -6.92e+05 6.92e+05
 1.199e+04 -1.199e+04
 2.874e+05 -2.874e+05
 5.271e+05 -5.271e+05
 1.28e+05 -1.28e+05
 3.901e+04 -3.901e+04
 5.033e+05 -5.033e+05
 -1.848e+05 1.848e+05
 -2.533e+05 2.533e+05
 -3.987e+05 3.987e+05
 -6.463e+05 6.463e+05
 3.122e+05 -3.122e+05
 -5.533e+04 5.533e+04
 -3.798e+04 3.798e+04
 -2.735e+05 2.735e+05
 -2.019e+04 2.019e+04
 2.736e+05 -2.736e+05
 -1.843e+05 1.843e+05
 -2.8e+05 2.8e+05
 1.225e+06 -1.225e+06
 -2.228e+05 2.228e+05
 -5.887e+05 5.887e+05
 2.006e+05 -2.006e+05
 -7.05e+04 7.05e+04
 -1.685e+05 1.685e+05
 -6.983e+05 6.983e+05
 9.233e+05 -9.233e+05
 -2.024e+05 2.024e+05
 -4.493e+05 4.493e+05
 -1.25e+05 1.25e+05
 1.727e+05 -1.727e+05
 -8.475e+05 8.475e+05
 -3.67e+05 3.67e+05
 -1.939e+04 1.939e+04
 -3.649e+05 3.649e+05
 1.544e+05 -1.544e+05
 -5.613e+05 5.613e+05
 -2.733e+05 2.733e+05
 1.415e+05 -1.415e+05
 -1.122e+05 1.122e+05
 3.163e+05 -3.163e+05
 1.006e+06 -1.006e+06
 1.544e+05 -1.544e+05
 -4.745e+05 4.745e+05
 4.014e+05 -4.014e+05
 -7.361e+04 7.361e+04
 -2.094e+05 2.094e+05
 -4.358e+05 4.358e+05
 -2493 2493
 1.482e+05 -1.482e+05
 -4.937e+05 4.937e+05
 -9.291e+05 9.291e+05
 -2.294e+05 2.294e+05
 7489 -7489
 -5.541e+04 5.541e+04
 1.269e+05 -1.269e+05
 1.068e+06 -1.068e+06
 1.392e+05 -1.392e+05
 6.834e+04 -6.834e+04
 -3.81e+04 3.81e+04
 -3.099e+05 3.099e+05
 3.311e+05 -3.311e+05
 -1.83e+05 1.83e+05
 6.957e+05 -6.957e+05
 5.639e+05 -5.639e+05
 4.126e+05 -4.126e+05
 3.052e+05 -3.052e+05
 3.281e+04 -3.281e+04
 2.904e+05 -2.904e+05
 -9916 9916
 2.874e+05 -2.874e+05
 1.374e+04 -1.374e+04
 2.805e+05 -2.805e+05
 6.957e+04 -6.957e+04
 5367 -5367
 -8.763e+05 8.763e+05
 1.755e+04 -1.755e+04
 -4.7e+05 4.7e+05
 -1.935e+05 1.935e+05
 1.934e+05 -1.934e+05
 -7.1e+04 7.1e+04
 -4760 4760
 4.838e+05 -4.838e+05
 -1.696e+05 1.696e+05
 -1.983e+05 1.983e+05
 4.627e+04 -4.627e+04
 7.276e+04 -7.276e+04
 -7.651e+04 7.651e+04
 3.533e+05 -3.533e+05
 -3.987e+05 3.987e+05
 -2.444e+05 2.444e+05
 -5.438e+05 5.438e+05
 6.272e+05 -6.272e+05
 3.958e+04 -3.958e+04
 -1.283e+05 1.283e+05
 2400 -2400
 -5.858e+04 5.858e+04
 -6.101e+05 6.101e+05
 -3.075e+05 3.075e+05
 3.564e+05 -3.564e+05
 1.776e+05 -1.776e+05
 -9.677e+05 9.677e+05
 -6.633e+05 6.633e+05
 3.108e+05 -3.108e+05
 -5.717e+04 5.717e+04
 -3.146e+05 3.146e+05
 -3.954e+05 3.954e+05
 1.364e+05 -1.364e+05
 2.974e+05 -2.974e+05
 1.326e+05 -1.326e+05
 4.95e+05 -4.95e+05
 2.328e+05 -2.328e+05
 -2.287e+05 2.287e+05
 1.072e+05 -1.072e+05
 1.347e+05 -1.347e+05
 2.348e+05 -2.348e+05
 1.196e+05 -1.196e+05
 1.799e+05 -1.799e+05
 2.229e+05 -2.229e+05
 -9.448e+04 9.448e+04
 -4.99e+05 4.99e+05
 1.474e+05 -1.474e+05
 7.473e+04 -7.473e+04
 -1.118e+05 1.118e+05
 1.252e+05 -1.252e+05
 -1.74e+05 1.74e+05
 2.708e+04 -2.708e+04
 -4800 4800
 6.285e+04 -6.285e+04
 6.222e+04 -6.222e+04
 -3.107e+05 3.107e+05
 -6.908e+05 6.908e+05
 -5.201e+05 5.201e+05
 4.018e+05 -4.018e+05
 3.79e+05 -3.79e+05
 4.842e+05 -4.842e+05
 5.096e+04 -5.096e+04
 1.194e+06 -1.194e+06
 -1.452e+04 1.452e+04
 2.193e+05 -2.193e+05
 6.339e+05 -6.339e+05
 4.752e+05 -4.752e+05
 3.241e+05 -3.241e+05
 -1.888e+05 1.888e+05
 2.225e+04 -2.225e+04
 -2.503e+05 2.503e+05
 -3.366e+05 3.366e+05
 -1.246e+05 1.246e+05
 2.543e+05 -2.543e+05
 -1.727e+06 1.727e+06
 -1.81e+05 1.81e+05
 4.94e+04 -4.94e+04
 -4.429e+05 4.429e+05
 -3.369e+05 3.369e+05
 -4.072e+05 4.072e+05
 -1.151e+05 1.151e+05
 -2.996e+05 2.996e+05
 2.641e+05 -2.641e+05
 2.187e+05 -2.187e+05
 1.005e+06 -1.005e+06
 1.068e+05 -1.068e+05
 -4.18e+04 4.18e+04
 1.246e+05 -1.246e+05
 3.566e+05 -3.566e+05
 2.897e+05 -2.897e+05
 1.114e+04 -1.114e+04
 3.156e+05 -3.156e+05
 3.176e+05 -3.176e+05
 -3.272e+05 3.272e+05
 -2.306e+05 2.306e+05
 -2.158e+05 2.158e+05
 1.427e+05 -1.427e+05
 1.449e+05 -1.449e+05
 3.161e+05 -3.161e+05
 -5.958e+05 5.958e+05
 -5.227e+05 5.227e+05
 -1.424e+05 1.424e+05
 3.57e+05 -3.57e+05
 -2.713e+05 2.713e+05
 1.674e+05 -1.674e+05
 5.972e+04 -5.972e+04
 6.031e+04 -6.031e+04
 1.917e+05 -1.917e+05
 -2.449e+05 2.449e+05
 3.546e+05 -3.546e+05
 7.927e+05 -7.927e+05
 -1.913e+05 1.913e+05
 -3.948e+05 3.948e+05
 -5.165e+05 5.165e+05
 5.505e+05 -5.505e+05
 3.265e+04 -3.265e+04
 2.434e+04 -2.434e+04
 -2.58e+05 2.58e+05
 -2.136e+05 2.136e+05
 -1.671e+05 1.671e+05
 -4.058e+05 4.058e+05
 6.648e+05 -6.648e+05
 -6.154e+05 6.154e+05
 -2.105e+05 2.105e+05
 -4.113e+05 4.113e+05
 -1.221e+05 1.221e+05
 2.154e+05 -2.154e+05
 -6.298e+05 6.298e+05
 -1.689e+05 1.689e+05
 -3.78e+05 3.78e+05
 8.835e+04 -8.835e+04
 -2.85e+05 2.85e+05
 -7.671e+05 7.671e+05
 4.121e+05 -4.121e+05
 1.01e+05 -1.01e+05
 2.397e+05 -2.397e+05
 -7.082e+04 7.082e+04
 -4.025e+04 4.025e+04
 1.757e+05 -1.757e+05
 2.452e+05 -2.452e+05
 4.2e+05 -4.2e+05
 3.778e+05 -3.778e+05
 -3.81e+05 3.81e+05
 1.282e+06 -1.282e+06
 -3.535e+05 3.535e+05
 -2.615e+05 2.615e+05
 -3.084e+05 3.084e+05
 -3.391e+05 3.391e+05
 2.772e+05 -2.772e+05
 -5.038e+04 5.038e+04
 -4.201e+05 4.201e+05
 -3.185e+05 3.185e+05
 -2.662e+05 2.662e+05
 1.825e+05 -1.825e+05
 -1.553e+05 1.553e+05
 2.306e+05 -2.306e+05
 -7.069e+05 7.069e+05
 -5.188e+05 5.188e+05
 1.765e+05 -1.765e+05
 -8.392e+04 8.392e+04
 -2.01e+05 2.01e+05
 -6232 6232
 1.956e+05 -1.956e+05
 -1.874e+05 1.874e+05
 3.302e+05 -3.302e+05
 -4.488e+05 4.488e+05
 5.628e+04 -5.628e+04
 -2.997e+04 2.997e+04
 -3.301e+05 3.301e+05
 -7.244e+05 7.244e+05
 3.144e+05 -3.144e+05
 1.342e+05 -1.342e+05
 4.059e+05 -4.059e+05
 1.813e+05 -1.813e+05
 2.352e+05 -2.352e+05
 -7430 7430
 2.977e+04 -2.977e+04
 -1.091e+05 1.091e+05
 -6.088e+05 6.088e+05
 -4.496e+05 4.496e+05
 -4.029e+05 4.029e+05
 5.098e+05 -5.098e+05
 4.415e+05 -4.415e+05
 -4.115e+05 4.115e+05
 -7.134e+05 7.134e+05
 -1.279e+04 1.279e+04
 5.258e+05 -5.258e+05
 -1.971e+04 1.971e+04
 -5.846e+05 5.846e+05
 -5.67e+05 5.67e+05
 -6.1e+05 6.1e+05
 -4.885e+05 4.885e+05
 -1.537e+05 1.537e+05
 5.949e+05 -5.949e+05
 -3.601e+05 3.601e+05
 -4.538e+04 4.538e+04
 -7.612e+04 7.612e+04
 -8.314e+05 8.314e+05
 2.789e+05 -2.789e+05
 4.513e+05 -4.513e+05
 3.879e+05 -3.879e+05
 -5.142e+05 5.142e+05
 -6.612e+05 6.612e+05
 2.248e+05 -2.248e+05
 1.187e+05 -1.187e+05
 1.64e+05 -1.64e+05
 3.664e+04 -3.664e+04
 -2.217e+05 2.217e+05
 6.131e+05 -6.131e+05
 6.854e+05 -6.854e+05
 -3.822e+05 3.822e+05
 -6.819e+05 6.819e+05
 4.822e+05 -4.822e+05
 6.941e+04 -6.941e+04
 5.895e+04 -5.895e+04
 -1.382e+05 1.382e+05
 -6.84e+05 6.84e+05
 3.072e+05 -3.072e+05
 -5.115e+05 5.115e+05
 3.773e+05 -3.773e+05
 7.076e+05 -7.076e+05
 -1.127e+05 1.127e+05
 2.08e+05 -2.08e+05
 2.774e+04 -2.774e+04
 -4.73e+05 4.73e+05
 -6.224e+05 6.224e+05
 -4.351e+04 4.351e+04
 -1.47e+06 1.47e+06
 1.903e+05 -1.903e+05
 7.368e+05 -7.368e+05
 2.935e+05 -2.935e+05
 -1.107e+05 1.107e+05
 1.977e+05 -1.977e+05
 -4.48e+05 4.48e+05
 4.841e+04 -4.841e+04
 1.816e+05 -1.816e+05
 -2.04e+05 2.04e+05
 -4.433e+05 4.433e+05
 4.859e+05 -4.859e+05
 -4.239e+04 4.239e+04
 -9.572e+05 9.572e+05
 -5.693e+05 5.693e+05
 -2.313e+05 2.313e+05
 8.202e+04 -8.202e+04
 -1.77e+05 1.77e+05
 5.374e+04 -5.374e+04
 6.025e+05 -6.025e+05
 -6.35e+05 6.35e+05
 9.819e+04 -9.819e+04
 3.21e+05 -3.21e+05
 -8.418e+05 8.418e+05
 -5.929e+04 5.929e+04
 4.758e+04 -4.758e+04
 -3.369e+05 3.369e+05
 -7.552e+04 7.552e+04
 4.927e+05 -4.927e+05
 4.635e+05 -4.635e+05
 1.326e+05 -1.326e+05
 -3.283e+05 3.283e+05
 2.12e+05 -2.12e+05
 6.428e+05 -6.428e+05
 1.97e+05 -1.97e+05
 -2.767e+05 2.767e+05
 2.714e+05 -2.714e+05
 -1.049e+05 1.049e+05
 -1.773e+05 1.773e+05
 -4.296e+05 4.296e+05
 -1966 1966
 -3.563e+05 3.563e+05
 3.423e+04 -3.423e+04
 4.152e+05 -4.152e+05
 -7.685e+05 7.685e+05
 1.362e+05 -1.362e+05
 2.12e+05 -2.12e+05
 -7.321e+05 7.321e+05
 -2.996e+05 2.996e+05
 2.76e+05 -2.76e+05
 -5.409e+04 5.409e+04
