# Created by Octave 4.2.1, Sat Sep 28 18:10:06 2019 CEST <dagigo1@EVIRL-035-OK>
# name: w
# type: matrix
# rows: 5
# columns: 3
 -2e+05 2e+05 -1.9e+06
 -2.46e+06 -3.16e+06 -4.77e+06
 6e+05 -1.74e+06 -3.81e+06
 -5.89e+06 -1.75e+06 5e+05
 -2.27e+06 -2.09e+06 2.03e+06


