# Created by Octave 4.2.1, Sat Sep 28 18:48:24 2019 CEST <dagigo1@EVIRL-035-OK>
# name: w
# type: matrix
# rows: 101
# columns: 20
 -1.846e+07 -1.845e+07 -1.846e+07 -1.844e+07 -1.845e+07 -1.846e+07 -1.847e+07 -1.847e+07 -1.848e+07 -1.846e+07 -1.847e+07 -1.847e+07 -1.844e+07 -1.845e+07 -1.846e+07 -1.844e+07 -1.846e+07 -1.847e+07 -1.846e+07 -1.847e+07
 -1.456e+06 -1.446e+06 -1.445e+06 -1.446e+06 -1.444e+06 -1.444e+06 -1.442e+06 -1.447e+06 -1.445e+06 -1.447e+06 -1.445e+06 -1.436e+06 -1.451e+06 -1.456e+06 -1.441e+06 -1.448e+06 -1.426e+06 -1.446e+06 -1.422e+06 -1.448e+06
 -2.814e+05 -2.802e+05 -2.728e+05 -2.752e+05 -2.787e+05 -2.676e+05 -2.671e+05 -2.695e+05 -2.68e+05 -2.658e+05 -2.7e+05 -2.227e+05 -2.674e+05 -2.795e+05 -2.79e+05 -2.706e+05 -2.657e+05 -2.563e+05 -2.817e+05 -2.801e+05
 -3.7e+05 -3.561e+05 -3.542e+05 -3.494e+05 -3.582e+05 -3.565e+05 -3.588e+05 -3.712e+05 -3.538e+05 -3.608e+05 -3.569e+05 -3.594e+05 -3.525e+05 -3.614e+05 -3.488e+05 -3.559e+05 -2.868e+05 -3.66e+05 -3.365e+05 -3.575e+05
 -7.618e+04 -6.989e+04 -7.105e+04 -7.104e+04 -6.972e+04 -6.759e+04 -6.566e+04 -7.304e+04 -6.74e+04 -7.156e+04 -6.719e+04 -7.267e+04 -7.673e+04 -7.783e+04 -7.053e+04 -7.266e+04 -8.318e+04 -2940 -3.076e+04 -6.241e+04
 -1.269e+06 -1.273e+06 -1.274e+06 -1.274e+06 -1.273e+06 -1.274e+06 -1.273e+06 -1.267e+06 -1.272e+06 -1.274e+06 -1.275e+06 -1.263e+06 -1.264e+06 -1.279e+06 -1.275e+06 -1.274e+06 -1.267e+06 -1.272e+06 -1.263e+06 -1.269e+06
 -6.515e+05 -6.597e+05 -6.661e+05 -6.603e+05 -6.615e+05 -6.572e+05 -6.404e+05 -6.615e+05 -6.504e+05 -6.161e+05 -6.077e+05 -6.609e+05 -6.58e+05 -6.674e+05 -6.628e+05 -6.691e+05 -6.604e+05 -6.576e+05 -6.618e+05 -6.53e+05
 -8.909e+04 -8.046e+04 -7.859e+04 -7.932e+04 -7.993e+04 -7.767e+04 -7.684e+04 -8.055e+04 -7.189e+04 -9.134e+04 -8.284e+04 -7.755e+04 -8.102e+04 -8.067e+04 -7.865e+04 -7.313e+04 -9.35e+04 2.896e+04 -5.669e+04 -6.495e+04
 -7.152e+04 -6.421e+04 -6.512e+04 -7.16e+04 -7.505e+04 -6.404e+04 -5.79e+04 -6.385e+04 -6.447e+04 -6.442e+04 -6.283e+04 6.624e+04 -9.372e+04 -7.166e+04 -3.53e+04 -6.996e+04 -7.219e+04 -6.559e+04 -9.648e+04 -6.881e+04
 -4.418e+05 -4.394e+05 -4.336e+05 -4.375e+05 -4.312e+05 -4.377e+05 -4.165e+05 -4.348e+05 -4.339e+05 -4.071e+05 -4.183e+05 -4.332e+05 -4.313e+05 -4.365e+05 -4.346e+05 -4.389e+05 -4.372e+05 -4.326e+05 -4.444e+05 -4.379e+05
 -3.192e+04 -3.195e+04 -3.013e+04 -3.588e+04 -3.626e+04 -3.589e+04 -2.976e+04 -3.35e+04 -3.14e+04 -3.393e+04 -3.13e+04 2.694e+04 -4.316e+04 -3.114e+04 -3.375e+04 -3.135e+04 -2.26e+04 -3.242e+04 -3.216e+04 -3.693e+04
 -6.197e+05 -6.112e+05 -6.115e+05 -6.114e+05 -6.131e+05 -6.092e+05 -6.074e+05 -6.116e+05 -6.083e+05 -6.126e+05 -6.092e+05 -6.084e+05 -6.185e+05 -6.222e+05 -6.116e+05 -6.206e+05 -5.676e+05 -6.092e+05 -6.092e+05 -5.926e+05
 -2.163e+05 -2.087e+05 -2.141e+05 -2.166e+05 -2.178e+05 -2.12e+05 -1.919e+05 -2.181e+05 -2.115e+05 -1.743e+05 -1.646e+05 -2.106e+05 -1.931e+05 -2.192e+05 -2.233e+05 -2.144e+05 -2.133e+05 -2.118e+05 -2.154e+05 -2.127e+05
 -1.004e+05 -6.313e+04 -1.191e+05 -1.092e+05 -9.258e+04 4.767e+04 -8.464e+04 -8.429e+04 -8.213e+04 -8.736e+04 -8.151e+04 -8.874e+04 -9.904e+04 -8.72e+04 -9.243e+04 -1.043e+05 -8.445e+04 -8.727e+04 -1.032e+05 -7.411e+04
 -2.464e+05 -2.595e+05 -2.514e+05 -2.019e+05 -2.215e+05 -2.552e+05 -2.304e+05 -2.478e+05 -2.454e+05 -2.442e+05 -2.463e+05 -2.446e+05 -2.548e+05 -2.512e+05 -2.459e+05 -2.461e+05 -2.474e+05 -2.46e+05 -2.501e+05 -2.49e+05
 -6.247e+05 -6.291e+05 -6.298e+05 -6.318e+05 -6.318e+05 -6.302e+05 -6.289e+05 -6.307e+05 -6.308e+05 -6.296e+05 -6.291e+05 -6.326e+05 -6.334e+05 -6.363e+05 -6.323e+05 -6.469e+05 -6.353e+05 -6.329e+05 -6.22e+05 -6.095e+05
 -7.076e+05 -7.147e+05 -7.148e+05 -7.167e+05 -7.156e+05 -7.121e+05 -7.086e+05 -7.078e+05 -7.106e+05 -7.138e+05 -7.076e+05 -7.057e+05 -7.196e+05 -7.156e+05 -7.142e+05 -7.125e+05 -7.038e+05 -7.016e+05 -6.894e+05 -7.055e+05
 -3.531e+05 -3.457e+05 -3.469e+05 -3.497e+05 -3.49e+05 -3.418e+05 -3.404e+05 -3.433e+05 -3.356e+05 -3.452e+05 -3.376e+05 -3.423e+05 -3.466e+05 -3.484e+05 -3.447e+05 -3.494e+05 -2.976e+05 -3.422e+05 -3.395e+05 -3.19e+05
 -4.33e+05 -4.27e+05 -4.274e+05 -4.272e+05 -4.317e+05 -4.253e+05 -4.253e+05 -4.276e+05 -4.281e+05 -4.346e+05 -4.237e+05 -4.301e+05 -4.277e+05 -4.302e+05 -4.3e+05 -4.308e+05 -4.346e+05 -3.835e+05 -4.199e+05 -4.227e+05
 -1.792e+06 -1.801e+06 -1.8e+06 -1.801e+06 -1.802e+06 -1.8e+06 -1.801e+06 -1.801e+06 -1.802e+06 -1.801e+06 -1.802e+06 -1.803e+06 -1.8e+06 -1.793e+06 -1.804e+06 -1.805e+06 -1.811e+06 -1.801e+06 -1.793e+06 -1.784e+06
 -9.041e+05 -9.169e+05 -9.162e+05 -9.178e+05 -9.185e+05 -9.159e+05 -9.159e+05 -9.175e+05 -9.171e+05 -9.197e+05 -9.164e+05 -9.148e+05 -9.189e+05 -9.202e+05 -9.165e+05 -9.173e+05 -9.135e+05 -9.216e+05 -9.214e+05 -9.056e+05
 -9.487e+05 -9.402e+05 -9.395e+05 -9.392e+05 -9.427e+05 -9.404e+05 -9.374e+05 -9.372e+05 -9.36e+05 -9.421e+05 -9.404e+05 -9.392e+05 -9.428e+05 -9.327e+05 -9.398e+05 -9.347e+05 -9.284e+05 -9.364e+05 -9.266e+05 -9.338e+05
 -7.425e+05 -7.534e+05 -7.491e+05 -7.716e+05 -6.703e+05 -7.556e+05 -7.39e+05 -7.474e+05 -7.41e+05 -7.519e+05 -7.402e+05 -7.367e+05 -7.463e+05 -7.39e+05 -7.474e+05 -7.564e+05 -7.579e+05 -7.472e+05 -7.564e+05 -7.096e+05
 -6.988e+05 -7.187e+05 -7.212e+05 -7.221e+05 -7.236e+05 -7.228e+05 -7.195e+05 -7.224e+05 -7.215e+05 -7.226e+05 -7.207e+05 -7.252e+05 -7.152e+05 -7.283e+05 -6.891e+05 -7.28e+05 -7.251e+05 -7.18e+05 -7.324e+05 -7.051e+05
 -1.604e+06 -1.584e+06 -1.601e+06 -1.586e+06 -1.589e+06 -1.589e+06 -1.592e+06 -1.6e+06 -1.599e+06 -1.599e+06 -1.602e+06 -1.602e+06 -1.586e+06 -1.596e+06 -1.589e+06 -1.598e+06 -1.599e+06 -1.597e+06 -1.604e+06 -1.603e+06
 -1.81e+05 -1.742e+05 -1.725e+05 -1.401e+05 -1.795e+05 -1.725e+05 -1.684e+05 -1.665e+05 -1.665e+05 -1.192e+05 -1.255e+05 -1.71e+05 -1.724e+05 -1.768e+05 -1.637e+05 -1.773e+05 -1.68e+05 -1.687e+05 -1.722e+05 -1.758e+05
 -1.471e+05 -1.414e+05 -1.416e+05 -1.428e+05 -1.488e+05 -1.368e+05 -1.285e+05 -1.35e+05 -1.362e+05 -5.111e+04 -5.278e+04 -1.326e+05 -1.483e+05 -1.417e+05 -1.384e+05 -1.403e+05 -1.443e+05 -1.378e+05 -1.538e+05 -1.463e+05
 -1.662e+06 -1.656e+06 -1.657e+06 -1.659e+06 -1.662e+06 -1.656e+06 -1.663e+06 -1.663e+06 -1.66e+06 -1.665e+06 -1.663e+06 -1.658e+06 -1.641e+06 -1.654e+06 -1.659e+06 -1.66e+06 -1.664e+06 -1.658e+06 -1.661e+06 -1.658e+06
 -6.406e+05 -6.575e+05 -6.579e+05 -6.562e+05 -6.584e+05 -6.558e+05 -6.544e+05 -6.56e+05 -6.526e+05 -6.561e+05 -6.524e+05 -6.573e+05 -6.558e+05 -6.596e+05 -6.567e+05 -6.3e+05 -6.594e+05 -6.537e+05 -6.725e+05 -6.224e+05
 -1.233e+06 -1.228e+06 -1.222e+06 -1.184e+06 -1.244e+06 -1.219e+06 -1.223e+06 -1.229e+06 -1.227e+06 -1.231e+06 -1.228e+06 -1.232e+06 -1.213e+06 -1.227e+06 -1.226e+06 -1.232e+06 -1.23e+06 -1.229e+06 -1.229e+06 -1.229e+06
 -1.696e+06 -1.689e+06 -1.695e+06 -1.691e+06 -1.688e+06 -1.683e+06 -1.685e+06 -1.68e+06 -1.685e+06 -1.658e+06 -1.683e+06 -1.688e+06 -1.693e+06 -1.67e+06 -1.679e+06 -1.686e+06 -1.684e+06 -1.685e+06 -1.688e+06 -1.697e+06
 -3.317e+05 -3.234e+05 -3.226e+05 -3.237e+05 -3.199e+05 -3.235e+05 -3.212e+05 -3.281e+05 -3.171e+05 -3.174e+05 -3.186e+05 -3.254e+05 -3.323e+05 -3.314e+05 -3.232e+05 -3.421e+05 -2.559e+05 -3.046e+05 -3.249e+05 -3.122e+05
 -2.966e+05 -2.96e+05 -2.983e+05 -3.022e+05 -2.974e+05 -2.962e+05 -2.837e+05 -2.902e+05 -2.842e+05 -2.296e+05 -2.31e+05 -2.886e+05 -3.096e+05 -2.986e+05 -2.817e+05 -2.988e+05 -2.906e+05 -2.866e+05 -3.041e+05 -2.834e+05
 -2.537e+05 -2.362e+05 -2.34e+05 -2.334e+05 -2.371e+05 -2.289e+05 -2.252e+05 -2.286e+05 -2.256e+05 -2.308e+05 -2.25e+05 -2.313e+05 -2.382e+05 -2.328e+05 -2.375e+05 -1.76e+05 -2.353e+05 -2.445e+05 -2.479e+05 -1.934e+05
 -7.168e+05 -7.103e+05 -7.102e+05 -7.101e+05 -7.109e+05 -7.11e+05 -7.093e+05 -7.102e+05 -7.106e+05 -7.124e+05 -7.092e+05 -7.127e+05 -7.03e+05 -7.068e+05 -7.116e+05 -7.05e+05 -6.862e+05 -7.112e+05 -7.078e+05 -7.054e+05
