# Created by Octave 4.2.1, Sat Sep 28 18:52:35 2019 CEST <dagigo1@EVIRL-035-OK>
# name: w
# type: matrix
# rows: 2001
# columns: 2
 0 0
 7.053e+04 -7.053e+04
 -1.554e+05 1.554e+05
 7.366e+05 -7.366e+05
 246.4 -246.4
 2.23e+05 -2.23e+05
 8.001e+05 -8.001e+05
 -3.525e+05 3.525e+05
 5.105e+05 -5.105e+05
 4.868e+04 -4.868e+04
 2.985e+05 -2.985e+05
 -1.433e+05 1.433e+05
 -3.685e+04 3.685e+04
 3.697e+05 -3.697e+05
 -1.083e+05 1.083e+05
 -7.13e+05 7.13e+05
 4.692e+05 -4.692e+05
 -6.155e+05 6.155e+05
 7.159e+05 -7.159e+05
 -3.676e+05 3.676e+05
 -6.315e+05 6.315e+05
 -6.077e+05 6.077e+05
 6.973e+04 -6.973e+04
 -3.319e+05 3.319e+05
 -7.138e+05 7.138e+05
 -8.389e+05 8.389e+05
 -7.435e+04 7.435e+04
 7363 -7363
 -5.693e+05 5.693e+05
 1.81e+05 -1.81e+05
 -3.489e+05 3.489e+05
 7.156e+05 -7.156e+05
 6.863e+05 -6.863e+05
 1.255e+05 -1.255e+05
 5.64e+05 -5.64e+05
 -1.506e+06 1.506e+06
 -6.218e+05 6.218e+05
 -3.908e+05 3.908e+05
 -2.024e+05 2.024e+05
 -2.54e+05 2.54e+05
 -2.681e+05 2.681e+05
 6.713e+05 -6.713e+05
 -5.822e+04 5.822e+04
 -5.152e+05 5.152e+05
 -1.255e+05 1.255e+05
 6.155e+05 -6.155e+05
 -3.591e+05 3.591e+05
 9.76e+05 -9.76e+05
 3.136e+05 -3.136e+05
 5.94e+05 -5.94e+05
 1.003e+05 -1.003e+05
 -3.084e+05 3.084e+05
 -2.801e+04 2.801e+04
 -1.02e+06 1.02e+06
 -7468 7468
 4.051e+05 -4.051e+05
 -2.937e+05 2.937e+05
 7.872e+04 -7.872e+04
 -2.394e+05 2.394e+05
 5.529e+05 -5.529e+05
 4.851e+05 -4.851e+05
 -6.184e+05 6.184e+05
 -4.504e+05 4.504e+05
 2.227e+05 -2.227e+05
 -1.153e+05 1.153e+05
 1.9e+04 -1.9e+04
 6.492e+05 -6.492e+05
 -1.885e+05 1.885e+05
 7.238e+05 -7.238e+05
 -9.382e+04 9.382e+04
 -2.307e+05 2.307e+05
 -1.079e+06 1.079e+06
 1.547e+05 -1.547e+05
 8.547e+05 -8.547e+05
 1.584e+06 -1.584e+06
 -1.202e+06 1.202e+06
 -1.828e+06 1.828e+06
 -2.685e+05 2.685e+05
 5.199e+05 -5.199e+05
 -6.295e+05 6.295e+05
 5.424e+05 -5.424e+05
 -8.615e+04 8.615e+04
 -7.124e+05 7.124e+05
 -2.267e+05 2.267e+05
 1.015e+06 -1.015e+06
 -1.108e+04 1.108e+04
 -6.037e+05 6.037e+05
 -8.488e+05 8.488e+05
 -4.376e+05 4.376e+05
 -3121 3121
 2.638e+05 -2.638e+05
 5.873e+05 -5.873e+05
 1.35e+05 -1.35e+05
 -2.828e+05 2.828e+05
 1.179e+06 -1.179e+06
 -1.007e+05 1.007e+05
 -1.576e+05 1.576e+05
 1.335e+06 -1.335e+06
 3.298e+05 -3.298e+05
 -5.872e+05 5.872e+05
 5.949e+04 -5.949e+04
 9.773e+05 -9.773e+05
 -3.909e+05 3.909e+05
 5.559e+05 -5.559e+05
 6.789e+05 -6.789e+05
 3.442e+04 -3.442e+04
 4.218e+05 -4.218e+05
 -2.298e+05 2.298e+05
 1.817e+05 -1.817e+05
 2.368e+05 -2.368e+05
 2.881e+05 -2.881e+05
 -4.918e+05 4.918e+05
 -6.241e+05 6.241e+05
 1.458e+05 -1.458e+05
 1.878e+05 -1.878e+05
 -1.522e+06 1.522e+06
 2.198e+05 -2.198e+05
 7.293e+04 -7.293e+04
 -3.633e+05 3.633e+05
 -1.08e+06 1.08e+06
 6.252e+04 -6.252e+04
 9.562e+05 -9.562e+05
 -1.514e+06 1.514e+06
 6.882e+05 -6.882e+05
 2.527e+05 -2.527e+05
 -1.503e+06 1.503e+06
 -2.533e+05 2.533e+05
 -5.685e+05 5.685e+05
 5.618e+05 -5.618e+05
 4.593e+05 -4.593e+05
 3.84e+05 -3.84e+05
 1.852e+05 -1.852e+05
 2.134e+05 -2.134e+05
 1.02e+05 -1.02e+05
 6.253e+04 -6.253e+04
 1.093e+05 -1.093e+05
 3.545e+05 -3.545e+05
 -2.443e+06 2.443e+06
 -3.629e+05 3.629e+05
 1.621e+05 -1.621e+05
 4.808e+05 -4.808e+05
 -3.154e+05 3.154e+05
 3.649e+05 -3.649e+05
 7.733e+05 -7.733e+05
 7.062e+05 -7.062e+05
 5.79e+05 -5.79e+05
 1.681e+06 -1.681e+06
 -1.793e+05 1.793e+05
 -8.068e+04 8.068e+04
 2.203e+05 -2.203e+05
 1.149e+05 -1.149e+05
 -3.208e+05 3.208e+05
 -1.168e+05 1.168e+05
 1.568e+04 -1.568e+04
 5.448e+04 -5.448e+04
 5.69e+04 -5.69e+04
 -1.03e+05 1.03e+05
 2.656e+05 -2.656e+05
 -7.024e+05 7.024e+05
 6.731e+04 -6.731e+04
 -3.856e+05 3.856e+05
 2.153e+05 -2.153e+05
 -3.272e+05 3.272e+05
 -9.954e+05 9.954e+05
 3.58e+05 -3.58e+05
 1.938e+06 -1.938e+06
 3.642e+05 -3.642e+05
 1.413e+05 -1.413e+05
 4.293e+05 -4.293e+05
 -1.001e+05 1.001e+05
 4.27e+05 -4.27e+05
 5.434e+05 -5.434e+05
 -4.599e+04 4.599e+04
 9.492e+05 -9.492e+05
 4.797e+05 -4.797e+05
 -2.287e+05 2.287e+05
 -7.476e+05 7.476e+05
 7.988e+05 -7.988e+05
 -6.705e+05 6.705e+05
 -8.145e+04 8.145e+04
 -1.515e+05 1.515e+05
 -1.173e+06 1.173e+06
 -1.414e+06 1.414e+06
 7.199e+05 -7.199e+05
 -1.051e+04 1.051e+04
 5.197e+05 -5.197e+05
 1.401e+06 -1.401e+06
 -1.074e+06 1.074e+06
 4.137e+05 -4.137e+05
 -4.234e+05 4.234e+05
 -1.892e+05 1.892e+05
 -1.025e+05 1.025e+05
 1.568e+05 -1.568e+05
 -1.425e+05 1.425e+05
 -9.106e+05 9.106e+05
 -5.574e+05 5.574e+05
 -2.338e+05 2.338e+05
 -4.212e+05 4.212e+05
 3933 -3933
 1.59e+06 -1.59e+06
 2.001e+05 -2.001e+05
 -6.206e+05 6.206e+05
 -4.872e+05 4.872e+05
 -3.298e+05 3.298e+05
 -4.657e+05 4.657e+05
 -2.729e+05 2.729e+05
 -4.358e+05 4.358e+05
 -2.499e+05 2.499e+05
 -5.786e+05 5.786e+05
 7.467e+05 -7.467e+05
 -1.355e+06 1.355e+06
 2.255e+05 -2.255e+05
 -2.951e+05 2.951e+05
 4.659e+05 -4.659e+05
 2.443e+05 -2.443e+05
 1.092e+06 -1.092e+06
 -8.022e+05 8.022e+05
 -5.274e+05 5.274e+05
 2.187e+05 -2.187e+05
 1.159e+06 -1.159e+06
 -3.238e+05 3.238e+05
 8.121e+05 -8.121e+05
 9.316e+05 -9.316e+05
 4.494e+05 -4.494e+05
 2.085e+05 -2.085e+05
 7.4e+05 -7.4e+05
 -1.829e+05 1.829e+05
 2.846e+05 -2.846e+05
 4.106e+05 -4.106e+05
 -7.999e+05 7.999e+05
 -1.475e+05 1.475e+05
 7.709e+05 -7.709e+05
 5.826e+05 -5.826e+05
 -5.222e+05 5.222e+05
 3.385e+05 -3.385e+05
 -2.186e+05 2.186e+05
 2.946e+05 -2.946e+05
 -1.01e+05 1.01e+05
 1.002e+06 -1.002e+06
 1.762e+04 -1.762e+04
 -3.813e+05 3.813e+05
 -3.36e+05 3.36e+05
 4.848e+04 -4.848e+04
 -6.903e+05 6.903e+05
 -9.91e+05 9.91e+05
 -7.442e+05 7.442e+05
 4.163e+05 -4.163e+05
 -7.68e+05 7.68e+05
 -5.25e+05 5.25e+05
 -1.012e+06 1.012e+06
 4.546e+05 -4.546e+05
 5.25e+05 -5.25e+05
 4.097e+05 -4.097e+05
 5.704e+05 -5.704e+05
 -9.527e+05 9.527e+05
 8.996e+05 -8.996e+05
 -5.212e+05 5.212e+05
 7.762e+05 -7.762e+05
 1.185e+06 -1.185e+06
 -4.646e+04 4.646e+04
 1.694e+06 -1.694e+06
 -2.039e+05 2.039e+05
 -1.393e+05 1.393e+05
 -3.642e+05 3.642e+05
 1.173e+06 -1.173e+06
 -1.196e+05 1.196e+05
 3.75e+05 -3.75e+05
 -2.243e+05 2.243e+05
 -3.606e+04 3.606e+04
 1.013e+06 -1.013e+06
 -6.245e+05 6.245e+05
 -8.358e+05 8.358e+05
 -4.129e+05 4.129e+05
 -6.404e+04 6.404e+04
 3.219e+05 -3.219e+05
 6.07e+05 -6.07e+05
 -1.605e+05 1.605e+05
 8.404e+04 -8.404e+04
 -4.105e+05 4.105e+05
 5.762e+04 -5.762e+04
 -2.172e+05 2.172e+05
 -8.393e+04 8.393e+04
 1.589e+05 -1.589e+05
 -3.259e+05 3.259e+05
 1.342e+06 -1.342e+06
 1.648e+05 -1.648e+05
 -2.012e+05 2.012e+05
 -3.643e+04 3.643e+04
 4.92e+05 -4.92e+05
 -5.141e+05 5.141e+05
 -1.171e+05 1.171e+05
 -1.894e+06 1.894e+06
 1.702e+06 -1.702e+06
 1.997e+05 -1.997e+05
 5.524e+05 -5.524e+05
 3.262e+05 -3.262e+05
 -1.276e+06 1.276e+06
 -3.053e+05 3.053e+05
 1.367e+05 -1.367e+05
 -3.613e+05 3.613e+05
 -7.051e+05 7.051e+05
 -5.502e+05 5.502e+05
 1.479e+04 -1.479e+04
 -6.684e+05 6.684e+05
 2.047e+05 -2.047e+05
 -1.163e+05 1.163e+05
 4.302e+05 -4.302e+05
 -7.744e+04 7.744e+04
 -7.713e+05 7.713e+05
 7.885e+04 -7.885e+04
 4.252e+05 -4.252e+05
 1.283e+06 -1.283e+06
 -1.206e+06 1.206e+06
 -1.023e+06 1.023e+06
 3.096e+05 -3.096e+05
 -4.06e+05 4.06e+05
 -6590 6590
 3.178e+05 -3.178e+05
 -5.891e+05 5.891e+05
 4.835e+05 -4.835e+05
 9.775e+05 -9.775e+05
 2.387e+06 -2.387e+06
 5.709e+05 -5.709e+05
 -4.624e+05 4.624e+05
 -4.522e+05 4.522e+05
 2.803e+05 -2.803e+05
 8.8e+05 -8.8e+05
 -5.127e+05 5.127e+05
 -5.357e+05 5.357e+05
 1.864e+05 -1.864e+05
 -5.651e+05 5.651e+05
 5.941e+05 -5.941e+05
 -1.097e+05 1.097e+05
 -2.037e+05 2.037e+05
 1.738e+05 -1.738e+05
 1.765e+05 -1.765e+05
 -1.526e+04 1.526e+04
 3.477e+05 -3.477e+05
 -6.038e+04 6.038e+04
 1.426e+06 -1.426e+06
 2.711e+05 -2.711e+05
 -4.447e+05 4.447e+05
 2.103e+04 -2.103e+04
 -2.521e+04 2.521e+04
 -4.761e+05 4.761e+05
 6208 -6208
 6.436e+05 -6.436e+05
 5.567e+05 -5.567e+05
 1.159e+06 -1.159e+06
 1.013e+06 -1.013e+06
 -5.944e+04 5.944e+04
 -2.031e+05 2.031e+05
 -6.539e+05 6.539e+05
 -4.703e+05 4.703e+05
 -3376 3376
 2.789e+05 -2.789e+05
 -1.076e+06 1.076e+06
 -1.109e+05 1.109e+05
 8.616e+04 -8.616e+04
 5.033e+05 -5.033e+05
 -5.348e+05 5.348e+05
 -5.096e+05 5.096e+05
 -8.186e+04 8.186e+04
 9.503e+05 -9.503e+05
 -3.364e+05 3.364e+05
